9.2
8.6
20.4
7.9
9
6.2
6.3
5.9
10.4
14.3
9
9.4
31.1
1.4
13
16.8
1.3
0.3
2.6
9.2
18
3.5
12
3.9
23.3
6.6
7.3
3.7
20
21.5
4.6
3.9
15
15.3
19.6
6.8
7.7
4.5
5.7
9.7
6.1
5.2
5.4
4
23.2
12.7
13.4
11.1
5.1
4.6
6.2
6.4
5.8
13.8
14.8
11.6
2.2
4.4
3.3
5.8
4.3
1.6
14
21.6
9.1
0.4
27.8
6.5
9.4
5.6
3
3.8
0
1.6
10.2
5.5
4.7
20.1
17.2
26.1
6.1
14.9
14.3
11.5
1.8
26.6
1.5
4.3
4.6
0
0
7.1
24
9.8
12.1
4.6
7.2
12.8
0
6.2
22.9
2.4
5.4
10.8
1.3
5
12
0.5
8
15.2
4.3
5.6
9.7
0
11
2.2
2
2.5
2.2
3.1
5.8
10
20.8
12.6
3.4
13.1
11.6
7
11.9
10.7
14
7.6
3.8
6
7.4
6.9
4.4
19.9
9.2
29.4
3.8
25.9
5.8
6.7
1.6
3.8
5.2
5.7
3.5
1.5
24.5
2.7
2.6
9.3
3.9
4.9
17.3
17.7
16.5
9.4
32.4
3
13.7
8.6
0.5
2.4
1.4
6.3
6.4
5.6
6
7.9
3.7
13.2
29.1
29.7
26
9.1
9.3
24.6
2.8
1.1
3.9
1.5
33.1
6.6
3.9
4.1
3.4
8.3
9.1
7.2
4.6
6.3
3.6
2.3
0
6.1
25
14
5.5
9
21.6
3
6.5
5.2
23.8
3.4
16.6
31.4
3.3
3
13.4
6.6
16.3
12.4
13.1
11
7.4
5.3
13
20.5
16
4.4
5.5
3
6.5
8.5
22.1
6.4
5.2
7.8
9.1
8.9
4.1
11.3
11.2
13
9.6
20.7
3.1
6.4
5.7
7.3
14.4
21
8.8
2.2
5.6
8.3
7.6
4.1
14.7
8.8
9.8
9.5
10.2
5
3.9
6.4
5
10.3
14.7
2.9
6.9
20.1
16.8
4.4
5
5
5.2
1
3.9
19.3
4.5
4.5
4.4
3.1
9.8
10.7
4.8
3.8
1.8
15.2
7.3
15.4
11.8
12.1
10.8
4.1
2.1
6.9
24.7
27.1
27.1
27
5
16.3
0
7.2
18.6
0.9
6.2
10.2
10.9
7.9
28.9
6.9
9.5
1.8
15.5
13.9
16.6
5.6
2.8
22
4.7
5.8
24.5
2.9
3.5
2.5
4.6
5
9.8
3.4
12.9
10.3
5.1
6.9
5.5
4.8
1.5
2.5
2.7
1.8
1
9.3
7.8
11.3
9.2
1.3
20
11.1
5.9
3.7
6.6
5.6
8.5
3.1
5.1
3.8
3.8
1.2
9.9
21.2
6.7
6.6
6.9
3
24.8
3.7
2
3.9
8.2
6
3
6.3
1.7
23.8
4.8
12.1
4.6
32.2
6.6
6.7
5
7
15.9
3
8.2
8.5
7.7
11.2
7.6
6.7
6.1
2.4
10.8
8.8
7.7
3.3
25.6
9.1
9.6
5
12.7
1.3
4.8
4.8
4.8
16.7
3.4
20.3
15.3
3.5
12.5
20.9
8.7
12.1
9.4
10.6
6.7
10.2
4.4
5.3
5.7
3.7
10.1
5
4.9
15.1
6.2
8.4
4.3
3.1
5.6
28.3
16.2
2.6
1
13.5
4.8
1.8
1.4
26.2
11.2
3.8
3.6
4.5
10.3
14.5
20.5
20
12.2
6.1
6.2
5.9
6.9
1.6
10.6
6.8
9.5
10.1
3.3
8.2
4
5.2
2.1
2.3
1
10.8
2.9
7.1
6.7
7.5
13.3
8.7
6
13
8.8
4.7
7.3
9.9
6.4
1.3
10.7
12.5
7
4.9
9.7
8.7
20.3
13.9
10.3
4.6
4.1
5.7
2.4
2.3
10.8
12.2
7.5
12.5
12.1
13.1
8.1
20.4
19.2
17.4
5.5
14.1
23.2
3.4
6.7
17
2.9
7
9.1
5.6
3
2.4
14.9
2.5
25.1
13
9.7
8.4
11
2.1
2.3
1
4.2
11.5
3.2
8.2
10.1
11.5
7.5
4.9
6.4
7.4
3.7
6.8
4.1
6.7
1.9
5.6
8.3
8
9
21.1
5.2
17.8
17.9
17.4
3.6
3.9
3.4
19.1
9.9
6.4
5.8
7.4
4
1.5
4.2
12.6
6.5
0.8
14.8
14.3
8.7
4.7
9.9
24.2
2
6.9
1
0.9
21.1
3.4
11.5
8.8
2.9
2.2
3.3
2.5
12.8
9.4
4.3
11
2.6
5.3
11.3
11.5
9.9
7.1
1.3
9.1
30.1
2.9
2.7
4
2
2.2
7
10.6
21.9
3.8
4.1
2.7
7.4
7
1.5
7.4
3
2.7
3.4
20.8
17.4
3.5
18
2
14.1
7.9
8.3
7.2
19.3
18.5
9.4
1.1
17.6
4.7
18.6
10.5
4.2
3.9
8
11.7
11.4
7.5
9.5
4.2
7.9
15.7
4.7
5.6
5.2
7.4
3.3
5
15.9
15.9
15.8
9.7
12.4
1.2
1
6.8
17.1
7.1
0
2
8.1
14.1
5.9
10.6
8
9
10.2
8
2
5.7
26
1.7
6.8
10
6.9
12.7
16.6
7.4
4.2
8
4.4
26.2
4.4
6.5
10.8